1.1921775341033936
1.2207111716270447
1.2163517475128174
1.220725178718567
1.1886534452438355
1.2178341150283813
1.2246533291680473
1.2367084175348282
1.24395575788286
1.2498466849327088
1.2554228414188733
1.257873982191086
1.2667023401993975
1.2576437762805397
1.26682665348053
1.2678780779242518
1.2703640601214243
1.2709793978267248
1.27359171917564
1.276108264923096
1.2812737226486208
1.2726100303909997
1.268199920654297
1.2758718629678092
1.2752050018310548
1.2762190378629243
1.2829711039861043
1.2827288380690984
1.2799500638041004
1.282134477297465
1.2848089664213118
1.2899038344621658
1.2874800002936162
1.2916857144411873
1.2899262087685721
1.2913952337370977
1.2951865711727657
1.2917027944012691
1.2872639008057423
1.2905009090900421
1.2904980735080998
1.2920578973633903
1.2928219811860906
1.2928716838359833
1.2964998006820678
1.296594658623571
1.2951953791557473
1.2970721597472825
1.2955294068978755
1.2937045860290528
1.2966802914937336
1.2960426990802472
1.2973906948881329
1.2968864485069558
1.2965733831579036
1.2968212408678872
1.2998361127418385
1.2974899555074757
1.2981659274990276
1.30038125316302
1.301357849699552
1.303524503784795
1.303889374884348
1.304407274350524
1.306731002147381
1.3081065524708142
1.3080868489706694
1.3075271967579336
1.3094121770582337
1.3092874765396119
1.3106531257360754
1.3121634870767593
1.312323847862139
1.3127981327675484
1.3123662122090658
1.315438355270185
1.3165623615314435
1.3170507290424445
1.3210276078574266
1.3200918942689897
1.319868991404404
1.3195007341664011
1.3188236822564918
1.3195053395770846
1.3196200567133287
1.3234974603320278
1.324135291165319
1.3249100758270784
1.3259114080600525
1.3272032459576926
1.3262917877553586
1.3248092026814173
1.325010627828619
1.3261506747692193
1.327044184584367
1.3285694867372515
1.3286687676439584
1.3290633121315316
1.33214473363125
1.3330137002468112
1.3355713362741002
1.3362823677997966
1.3376029706695707
1.3385288933148753
1.3396484602065317
1.339717192469903
1.3399894527185745
1.3394074627646697
1.3398344352704672
1.338819899342277
1.3392636528960222
1.338855784918581
1.3393348202241209
1.3397998203311052
1.339878138251927
1.3389098623703268
1.3390926520029707
1.3396139771251359
1.3403979700152615
1.34079893330733
1.3403076504872853
1.340302938320598
1.3409065967652858
1.3401438507341572
1.3403170766830446
1.339261523314885
1.340059827631853
1.339184910990298
1.3389193993206174
1.3386148067621086
1.3394491044619614
1.3380741738911832
1.3379509117370263
1.339231757085715
1.338084978527493
1.3384146637776322
1.337973737368619
1.3389277199040293
1.3392377019786152
1.3391118611608237
1.3392312526702885
1.3394942955232005
1.33937284663007
1.3386038020253186
1.3387245054902706
1.3380176914881357
1.3367720404449779
1.3364638662016073
1.3372187062397902
1.33722131172816
1.337308893930044
1.3379663456427426
1.3379872710097074
1.3390459936934636
1.3384350376744427
1.3393986408527085
1.3386860364561632
1.3391954581948782
1.3394957578407152
1.3398096844553957
1.3399851529494586
1.3394833862045676
1.3396387912013061
1.3398672698474525
1.3391073653192245
1.3402318013719778
1.3403208091587377
1.3406312799169917
1.3410617056682983
1.340136205448825
1.340067057581674
1.3406513083812814
1.340231505432571
1.3402057584674891
1.3397644015720924
1.3398626175793746
1.3409199209536546
1.3417308772547871
1.3412252697864733
1.3418206002977167
1.3413742207690504
1.341821036496006
1.3426093253933022
1.3425257976936265
1.3431059444272848
1.3426984446023107
1.3429106881911748
1.34298113622564
1.3429882879610422
1.343158948421479
1.3435151096413902
1.3434696942567832
1.34351347147492
1.3442857339210124
1.3454615507370393
1.3452586312683268
1.344718146445183
1.344711338630831
1.3447655912619745
1.344572225809098
1.3441882963797351
1.3447604999683878
1.3448711340063317
1.3457485332208527
1.3463221945413735
1.3460926569781262
1.3456830010897878
1.3461261139466218
1.3462758805763213
1.3454061247053606
1.3455628060616593
1.3455553954502326
1.3456257744014548
1.346383667994883
1.3464804355488271
1.3462536776507348
1.3466442543240742
1.346124558273806
1.3467786246783118
1.3466655660759324
1.3464244544775783
1.3473661219751518
1.347924656397559
1.3478396242218362
1.3477653969658752
1.348284081020187
1.3480667159420807
1.3475748190754344
1.3473701862268577
1.347645387442216
1.3472882235721082
1.3470889730700135
1.3469005920344672
1.3462225448372023
1.346027450865888
1.3459055085303424
1.345840641717871
1.3458274798232972
1.3462401588591577
1.3463717654347425
1.3464479584911557
1.3463526200657052
1.3464087743327455
1.3468626669195836
1.3464355984512646
1.346467934003691
1.3461240090821924
1.3460896563145426
1.3461491678613262
1.3454094448089604
1.3445672955645986
1.3445562734490353
1.3453205107700217
1.3447764177960677
1.3450381648306757
1.3447664082050328
1.3440733141472372
1.3434292558551764
1.3437268853647832
1.3436314161007226
1.3430726646920277
1.3424616415082045
1.341729382598355
1.3417618730754566
1.341382494062748
1.341371428249474
1.3413027748186492
1.3408693173038428
1.3397859224156379
1.3386839632634766
1.3389624541975917
1.3387271393747893
1.3386860758393677
1.3381004494472144
1.3378962971947412
1.3383317775484447
1.3384422631900665
1.3383931208857531
1.3383156069717956
1.3377675137349538
1.337148651957936
1.3371244199732517
1.337276189571556
1.3366960845362972
1.3371143587848597
1.33676016038948
1.336244908359408
1.3364958614110947
1.3365703656186694
1.3365651040241635
1.3366547257629864
1.3365025585644863
1.3364237343491954
1.336582398333517
1.3357430874291112
1.335401179017247
1.3350960212925866
1.3349877239873744
1.3344658509544702
1.333834138313929
1.3330225932637714
1.332457048214034
1.3317352226465051
1.3316364092262163
1.3314475313561855
1.3310822984751527
1.3307376680622653
1.3306731020475355
1.3304057105845224
1.3301035496496376
1.3295510060534208
1.3291510790586463
1.328321674761299
1.3275119237079733
1.3270410284163452
1.3270224098917798
1.3266784422781182
1.3264048669323225
1.3258857764420457
1.3254300393164151
1.3251483395834942
1.3240675511567481
1.3236447561636053
1.3235397489718441
1.3230247402191155
1.3229074050312386
1.3233357026307218
1.323170519093187
1.3229964594710553
1.3230626471114872
1.3223915193736364
1.3219516212681681
1.3221416272916584
1.3221358110804748
1.3217583343164236
1.3214770924477341
1.3218365706039104
1.3217487994735755
1.3218080536805765
1.3219734749373258
1.321811809567761
1.3220894685265603
1.3219919152579562
1.3220805196568013
1.3224376640458029
1.322711514944285
1.3226319980896162
1.3228786443841858
1.3228455788768114
1.3226152750423967
1.3226253228989073
1.3224081302231
1.3223543268425262
1.3225438742987847
1.3229517963570603
1.3228804502594331
1.323179838036288
1.323168106585241
1.3232985897648628
1.3236028313636774
1.323688905985401
1.3238356383465923
1.3238357321946739
1.3241516322224998
1.3238322858941058
1.324194819549393
1.323927006864417
1.3235297841222384
1.3229471987825092
1.3228015010421335
1.3228779189348858
1.3227079090892624
1.3225042100885915
1.3223892408896254
1.3223991750081376
1.3223636892247703
1.3225016372589593
1.3226289736530763
1.322883281670019
1.3228484809398646
1.3226353580870336
1.3226673369008204
1.3231628588534519
1.3230991164843238
1.3230110775340684
1.3225127137386734
1.3229439092236892
1.3232978772871267
1.3234103630011977
1.3237289285048455
1.3238204010307326
1.3237239201458126
1.3243757137512124
1.3250011175417047
1.3253426932081387
1.3256668478551532
1.325589326527016
1.3255067662378046
1.3251882588355457
1.3252205476164811
1.3252170606147018
1.3251462955379956
1.3252690755403953
1.3256732361151435
1.3258941114684677
1.3260903182288104
1.3261537923859725
1.3258817061489698
1.3263990377738593
1.3263438463211055
1.3267858132828756
1.3268920177394898
1.326511212757655
1.3261571224184998
1.326303141950124
1.3263730759230938
1.32669443763989
1.3266566489872174
1.3268009435589951
1.3272765287331167
1.3274662746669557
1.3274409626897472
1.3275730680348456
1.3277220799113214
1.3278928781958181
1.3285467014626153
1.3289016085988739
1.328886886066365
1.3290283774440377
1.3294651502786676
1.3295577247292143
1.3297205956445795
1.3299690369370347
1.3299500623606313
1.3299154232288224
1.3296813631276467
1.3298369444207683
1.3299757386451436
1.329574065490844
1.3294094483960754
1.3295903332920027
1.3298108893282268
1.3299701092743708
1.3300994468164868
1.330566969882236
1.3305019126879256
1.3309074456259704
1.3311987870505873
1.3317223014704098
1.331710806422763
1.331820536347027
1.332307586363986
1.3326609479407332
1.3329055437957658
1.33281851365016
1.3335561049089093
1.3335680379909285
1.3337664476648683
1.3335917372589272
1.3338800391425252
1.334088553316939
1.3344808071206653
1.334642022268818
1.3348115710862747
1.3348859366550236
1.3348433792335277
1.3348804224737192
1.3348675163892594
1.3349428860617594
1.3353465617971212
1.3355093847667583
1.335736598251229
1.336114527055123
1.336129151819124
1.3364273480365145
1.3365531546228067
1.3366720713909312
1.3368234691759528
1.336702796014216
1.3369178953270113
1.3369798603275953
1.3371352738859243
1.3374279204362662
1.3374556005001064
1.3374627145295286
1.3373764677302822
1.3374035072032915
1.3373381158367528
1.3376258211876957
1.337606222532233
1.3376046632797796
1.3378325448772768
1.3376713529319837
1.3379006856366202
1.3377617746892596
1.3378906992654642
1.3379273884732954
1.3377626679508556
1.3373855612798775
1.337723523855209
1.3374569280418802
1.3376337282686115
1.337813400843034
1.3377049052053023
1.337679747543712
1.337802389629273
1.3380022277023191
1.3380568081469044
1.3381710757441039
1.338468679026061
1.3385708917610328
1.338527119485661
1.338853597408614
1.3386310167349726
1.3384150338404384
1.338290342526842
1.338239063838464
1.338599082816061
1.338868890194534
1.338817196167432
1.338507076371425
1.338713582676489
1.3388947239341515
1.3388129124659616
1.339013517016456
1.3392559575490623
1.3392082939111754
1.3395367447625506
1.339782596085157
1.3397719380990512
1.339962320588178
1.340118852100874
1.340120188738123
1.34016424104962
1.3403864550813334
1.340747679125017
1.3406753679893535
1.3406013112972215
1.3403807531261265
1.3403241091304352
1.3406229096287496
1.3405182522161416
1.3406521518805625
1.3409117387936391
1.3411156057217795
1.3410996572001945
1.3409892874182465
1.341090499919696
1.3409319056404958
1.3409279461340466
1.341072290865349
1.3408390674470123
1.341021306907074
1.3408471365267616
1.341168497918962
1.3411258594166457
1.341480371767999
1.3415704313999433
1.3416055125285982
1.3417052056108199
1.341613693245804
1.3416834331492085
1.341795999669266
1.3420465753433548
1.3420975632372152
1.3419253558657611
1.3417634268076117
1.341925613057445
1.3418664374963256
1.3418739429691378
1.3419196160996227
1.3420777275012086
1.342217335110143
1.3423895009303337
1.3423772430419916
1.3426917257408295
1.3428001126962057
1.3429440117624798
1.3430632319886855
1.3430646475019121
1.3428096215203784
1.3431068869800495
1.343039868830816
1.343302921073077
1.3434694571372785
1.3436172262800425
1.343537302399006
1.3433033876678564
1.343328263439832
1.3434583704350354
1.3436920868765476
1.3439231764625854
1.3440358116092002
1.3442458544515996
1.344162649667563
1.3439730605823077
1.3439982740124263
1.343955564259685
1.3439369454407728
1.3439507836103435
1.3439021172023649
1.3439245113106657
1.343841306605742
1.3438577286849744
1.343806321955909
1.3436483610974677
1.343770030106508
1.3436825500899239
1.3438410498630042
1.3440674947910622
1.3443124179168926
1.344170148660934
1.344178929220016
1.3441506639753957
1.3443396037187034
1.3444391469676773
1.3446826900037028
1.3446116725217951
1.3446575039230373
1.3446931654407135
1.344463107666532
1.344467125521596
1.344537920400764
1.3446080629260118
1.3446915376663213
1.3446310916647748
1.344576624782082
1.3446854518097682
1.3448620699168394
1.3450028340021776
1.3449770701479429
1.3450305680685415
1.3450504078119296
1.3451549527396924
1.3454690413212222
1.345478908258415
1.3454134226593912
1.345345606437672
1.3455607318355827
1.3454677267000088
1.3456329944167242
1.3454557569970231
1.3456156813709037
1.3456505307499675
1.3457928467166524
1.3458428163277485
1.3456372859120562
1.3458104216390194
1.3458350255786922
1.3457668649233314
1.345565624134516
1.3455235583284892
1.3459172630383092
1.3459248715948997
1.3460646707593042
1.345919096070093
1.3459912582075226
1.3458961771976634
1.3460111782655741
1.3459757833769836
1.346305295667202
1.346226529772549
1.34638546638719
1.3463955162519439
1.3465648792740104
1.346709776032079
1.346963172016116
1.3469658228094714
1.3471366110047605
1.3472216408644158
1.347413187233063
1.3473363204726159
1.3473489861963062
1.3476905313372973
1.3478263044357306
1.3479038274147108
1.3479528374298644
1.3478334122351143
1.3478770649310245
1.348159778819365
1.3482660851639627
1.348457666436249
1.3484070196333258
1.3487248919163537
1.3489922483472065
1.3492973832625348
1.3494666868595757
1.3496695441562083
1.3498265793430795
1.350057090365369
1.35012950807508
1.3501393514216986
1.350351386428052
1.350388944149018
1.3505137170819077
1.350662153513953
1.3508379329396807
1.3509838482028784
1.351042157931731
1.351172100475857
1.3516347722898374
1.3515432184917642
1.351743441218164
1.3517141912809836
1.3517854469042305
1.3518495277710076
1.3517689989850754
1.3517778067939032
1.3516621936023325
1.3517983675003058
1.35177059549152
1.351975631847811
1.3521351638716377
1.352284026079152
1.352262806392217
1.3522580788788192
1.352369617385014
1.3524962137336527
1.3526936928652267
1.3528101426031864
1.3529722447534218
1.3530402703628654
1.3531583847676414
1.3534936890088403
1.3536813635661695
1.3538507858583761
1.3538468869549056
1.3539567211499592
1.3539746563130457
1.3541151690156503
1.354141488120919
1.3542247675155692
1.3542021488590434
1.3540749670049488
1.3539884045010533
1.3542508810110725
1.3544034752464047
1.354508136184559
1.3548634179712804
1.3549172999085617
1.3550438242241771
1.3551800811708465
1.3553794256610803
1.3553189245923882
1.3552652607028126
1.3552086241443428
1.355241608587774
1.3552463714451723
1.3552358166397982
1.3553193917274486
1.355204224903956
1.3551007932487964
1.3552240753870413
1.3554539422773881
1.3556041081220118
1.3557092075940802
1.3557537883874455
1.3558131107239744
1.3558048520320656
1.3557963763412686
1.3557755613452354
1.355868492695917
1.3557631808527184
1.3559921198178346
1.3560345955144355
1.3561789463456564
1.3562481555665185
1.3561807889491329
1.3560684201621274
1.3561399060410348
1.356200096362915
1.356228543686744
1.356468160741543
1.3566458790493268
1.356686576104934
1.3567309522444448
1.3567419767072924
1.3565851845287733
1.3566773686084586
1.3566249485199278
1.3567881814648959
1.3570141309057668
1.3571893191428943
1.3573937271626637
1.3574724794193447
1.3576799932933652
1.3577710785435608
1.3580052891963639
1.358097574707825
1.3582454919815072
1.3584375782350533
1.3586610158284513
1.359038333423803
1.3593381707854484
1.3595598690164923
1.3598348755932341
1.3599512756543903
1.3600911302375325
1.3601080350792312
1.3603475245833405
1.3603163851929672
1.3603113717271809
1.360445421926706
1.3604260588166734
1.360475544899888
1.36062711240636
1.360736355757921
1.360800337230806
1.3609989427665559
1.3610620351485272
1.3612029284937028
1.3612976112389221
1.3612888014771116
1.3612569239567196
1.3612504853792726
1.3612996304736427
1.3613471658022642
1.3612881208107357
1.3612057929801715
1.3612299615290115
1.3613305589894293
1.3614515833320997
1.3613059488855048
1.361401013089616
1.3614097889986914
1.361287730369384
1.3612418007533533
1.3612139295552672
1.3613987646286976
1.361421707308437
1.3615164425398907
1.361683329567314
1.361778861477453
1.3618736810249685
1.3620141563301322
1.362156508784546
1.3622418676225951
1.3623573518311503
1.3624003680869146
1.3625945830628994
1.3627370539233186
1.3627994039279556
1.3629314773588992
1.3629041897459626
1.3630955847057373
1.3631420112952564
1.363265775874205
1.3632169197190491
1.3632697340175606
1.363327739378986
1.3633952852421733
1.3634960861273222
1.3635360850818279
1.3636561834560912
1.3636507610131434
1.3638876903558455
1.3638859116488613
1.3639674300636175
1.3640611088456327
1.3640544156695529
1.3641211879931823
1.3643439546262037
1.3643969179995512
1.36454155654819
1.364771879063866
1.3648080913904916
1.3648458893873845
1.3649690016623475
1.3651030421668566
1.3651502525669412
1.3651974536521299
1.3653423916035843
1.3654921023433295
1.3655280513130563
1.365579126358033
1.3655043569601841
1.3657044599102468
1.365821679659477
1.3659396666579966
1.3661002745682551
1.366198982743211
1.3662823062905387
1.3665064682641908
1.3666609842583073
1.366772238817593
1.3667929488703043
1.3668902534508525
1.3669082914386792
1.3669504824317622
1.367076662283266
1.367157000216304
1.3671847217018835
1.367222801301408
1.3672945483418926
1.3673420622362114
1.367454411062812
1.367596820179569
1.367703794902046
1.3678344741413944
1.3678916051652703
1.367851433293537
1.3679188881110729
1.3680021076371378
1.3680600237793634
1.3681096531409593
1.3682196620547489
1.368346551944561
1.3684388149677402
1.3685827276231963
1.3687790695127557
1.3688540580374748
1.3688994268314887
1.3689662634608264
1.3688584512641715
1.3689235599966005
1.3690436379618007
1.369115771098122
1.3692936867410588
1.36944262441795
1.3695442296888525
1.369556214729169
1.3695209525412444
1.3696604482789216
1.3696739280120642
1.3698201820012692
1.3698585617876986
1.3698920785673492
1.3699472871576925
1.369993159409104
1.3700531116095929
1.3702380022096077
1.3703286175819944
1.3703255741542566
1.3703655007054012
1.370375731412103
1.37051116834339
1.3705615076209599
1.3705982470563234
1.3706773646469448
1.3708401163841824
1.3709787860053513
1.3711543246439315
1.3712194262986985
1.371301542525575
1.3714236361639847
1.3714144093793752
1.3715715692816222
1.371606162328761
1.3717300228625386
1.3718674448916794
1.37187646816707
1.3719103701976174
1.372099093350134
1.3721485197918977
1.3722539242649585
1.3723852400001628
1.3722984606444906
1.3723629598577742
1.3723675421554684
1.3724392334620166
1.3724431569816922
1.3725029537434892
1.3726538281079277
1.372686837471373
1.3726950702271938
1.3726947577843762
1.3727931645934812
1.3730245002291426
1.3730812077674834
1.3730919609364782
1.3732217384538745
1.3733318634484537
1.3734293461826093
1.3735910272206622
